kinematics:
  shoulder:
    x: 0
    y: 0
    z: 0.15201860713006091
    roll: -0
    pitch: 0
    yaw: 1.0463748781504301e-07
  upper_arm:
    x: -0.00012095106569443626
    y: 0
    z: 0
    roll: 1.5700477568451794
    pitch: 0
    yaw: -4.1956781169361071e-06
  forearm:
    x: -0.24381064699487773
    y: 0
    z: 0
    roll: 0.00069601231680915679
    pitch: 0.0012429435099094157
    yaw: -4.4513701910114445e-06
  wrist_1:
    x: -0.21329455418658677
    y: -0.00031338026741426774
    z: 0.1312807864552995
    roll: 0.0023870947199425203
    pitch: 0.00077054963478904526
    yaw: 3.0311622496730444e-06
  wrist_2:
    x: 0.00010510498315702839
    y: -0.085229922273429307
    z: -4.2132872669117588e-05
    roll: 1.5712906704257856
    pitch: 0
    yaw: 1.4986045786431759e-07
  wrist_3:
    x: -0.00012592566234845572
    y: 0.092225916535005656
    z: -0.00021038522700388205
    roll: 1.5685151365397945
    pitch: 3.1415926535897931
    yaw: 3.1415925731878387
  hash: calib_6234699742970392905